000000000000000000000000000000
000000000000000000000000000000
000000000000110011000000000000
000000000000100001000000000000
000000000000011110000000000000
000000000000000000000000000000
000000001100011110001100000000
000000001010100001010100000000
000000000010101101010000000000
000000000010101101010000000000
000000001010100001010100000000
000000001100011110001100000000
000000000000000000000000000000
000000000000011110000000000000
000000000000100001000000000000
000000000000110011000000000000
000000000000000000000000000000
000000000000000000000000000000
